Row Labels	IE	FR	DE	GB	ES	SE	IT	NO	FI	CH	DK	PL	AT	JP	NL	PT	BE	RU	HU	CZ	IL	KR	LR	ZA	GH	RO	UA	SK	EE	MD	KE	TR	ID	SI	IN	NG	CD	GR	TZ	BJ	CM	RS	PK	BD	SN	HR	CI	MY	CN	EG	ZW	ET	RW	LV	MA	LT	NE	TW	HK	BF	ML	LB	GE	IR	DZ	AZ	SA	BG	LK	MG	AL	MZ	KH	AM	VN	TN	KZ	UG	MM	NA	MU	IS	GN	CY	SY	BA	LS	UZ	ZM	CG	BY	MR	ME	JO	SO	IQ	TH	GM	MN	BW	MK	MW	NP	GA	PS	TG	QA	BT	AE	SL	LA	FJ	SD	TD
US	45573	3218	4591	15651	2160	2286	1526	484	136	3013	1000	487	2053	85	2100	472	1301	66	234	277	2791	242	3224	1929	1262	189	50	128	39	110	834	61	344	6	41	401	117	223	196	66	68	52	100	102	91	20	77	132	157	61	91	52	22	44	12	29	30	92	56	20	28	35	2	36	17	5	27	4	19	20	9	4	37	7	21	8	2	18	23	7	17	1	7	4	3		5		5	1				4		2	2		1						1	2					1			
FR	1082	56501	787	93	869	139	1087	68	22	2944	75	220	514	7	171	324	1546	51	72	69	260	15	156	130	234	143	12	32	4	64	87	12	50		1	52	290	56	26	220	192	18	8	3	126	11	108	8	5	24	9	31	146	2	40	2	16	1	4	53	66	45	2	16	68	4	5	1	2	21	3	1	1	1	14	23		3			3		3						1	9		5												2										
UK	36288	1202	967	12820	184	608	171	142	10	682	205	89	835	6	401	152	463	14	77	49	356	76	1188	421	909	49	15	51	6	55	262	19	49	1	29	208	31	130	122	29	25	2	51	36	42	8	18	35	27	21	45	23	3	8	6	12	8	9	18	2	9	6	2	3	4	1	9	3	9	4	1		7	1	1	1		5	2		2		1	5	1									1					1	1		1												
DE	406	469	23219	67	105	572	220	205	56	2793	747	223	6254	4	466	183	305	28	126	222	242	49	54	129	109	83	9	137	9	31	46	66	133	8	1	26	79	38	19	17	11	25	9	1	6	12	7	7	5	15	8	9	3	9	3	20	5			2	1	2		6	2		3	1		6	8	1	4	1	4	1		4					3	1		2		1				1	2		2			1																
SE	378	233	1892	80	134	22019	76	1162	222	320	841	88	408	1	225	58	155	10	97	72	92	15	38	61	64	29	3	109	44	31	21	15	81	1		12	35	21	9	9	13	29	11	5	11	14	7	14	2	25	3	26	2	9	11	21		2	5	7	3	2		14			2	1	2	12	16		1	1	2	4		2	1	3	2	7	1	1	2	4						3						1																
NO	240	103	868	43	49	1429	36	18397	55	176	3427	25	237	1	132	22	80	11	31	61	64	6	35	35	21	18	1	39	10	17	13	7	31		3	8	5	8	7	3	7	8	21	5	8	2	5	4	13	12	6	13		1	8	5	5	2	1	6	1	4		11	5		9	1			14		1		1	2		1	1			11			1	1	1		1							1		1																
FI	84	38	553	11	24	2737	41	283	19761	127	206	25	104	3	70	30	34	44	33	20	56	3	25	19	26	25	4	36	40	31	30	7	41	1	1	11	14	8	16	10	5	2		7	2	2	3	5	1	9	1	7		5	8	10	5			2	1	2	1	7			3	2	1		7					4	1			10					2	1		1							1	1											1							
CA	8296	5190	624	4256	183	389	370	105	42	511	193	144	327	16	443	82	453	19	96	75	489	46	377	382	201	50	63	49	12	20	187	20	74	6	25	57	40	80	34	78	23	27	23	15	27	20	32	39	42	20	38	19	12	8	11	9	7	24	39	20	11	19		11	6		4	5	5	1			10	1	4	7		4	3		2	4	4	1									1	2			1			1									1	1				
ES	94	215	50	18	17607	21	277	10	13	66	5	18	25	1	9	1520	20	4	22	20	38	6	12	12	25	66	4	46	1	62	26		34			11	12	16	10	7	10	1	7	2	1	1	9	2	1	3		5	7	3	10	5	3	1	2	3		1					5		2		1	12	1													1	2							1					1															
PL	57	72	400	10	20	24	46	6	12	67	9	15317	103		30	86	12	27	54	157	138	1	7	8	5	50	43	367		37	13	2	9	4			2	10	5		1	3				3		1		4	3	5		2	1	2	3		1		1		1								1					4	2																																					
IT	50	96	83	11	196	15	15257		12	172	3	19	174	1	9	215	9	8	11	12	55	35	11	12	18	37	4	30		77	25	3	45	13		6	5	2	7	6	2	3	1		1	7	7	5	1	5	2	2	1		2		5			8	2	1		2	3		4		1	3	2	2			1	2	2							2	1		1			1																								
DK	159	192	1666	38	24	976	44	823	24	286	10853	40	346		140	22	113	4	23	27	66	6	27	37	22	14		26	4	15	17	18	17		3	6	39	11	7	4	8	9	10	6	5	8	1	1	3	16	2	3			8	1			1	3	1	2		3	2		3	1	2		2	1	3		3	2		1	3			4		1	3	3							2	1		1																		
JP	20	3	1	6	5		6	1	11	4	1	19	1	15111		12		2	3	1	3	8	2	4	11	2		19		5	24		38			6	3	1	2	1	2		1		1		3	2	3	1	6				3		13	1			5			4									1					1											1																									
AU	7459	247	290	3674	61	164	151	38	12	233	123	38	167		221	26	141	4	26	36	129	31	223	174	143	9	6	26	1	21	70	5	30	4	6	40	7	40	26	2	2	24	8	14	13	23	10	20	25	8	6	2	2	2	5	3	6	13	8	2	1	3		5	1		2	2	7				5		7	1		4	4	1	3		1	3	1				2			1			1					1	2													
NL	262	527	1065	59	94	218	71	52	36	272	153	30	200	1	7519	132	1064	9	41	72	102	4	42	341	83	38	6	80	5	15	32	17	223	2	2	14	18	16	43	4	5	3	13	76	10		11	13	2	12	1	9	14	6	7	20	2	1	5	4	1	4	1		5		3	1	1	10	1	2	1		1					12					2																													
CH	113	1380	1634	11	64	58	491	15	9	5036	39	12	881	1	48	32	120	19	24	55	54	9	12	21	17	17	3	16	1	14	14	10	13	1	1	5	12	12	1	9	6	10	1	1	1	5	4	2	1	1	1	4	6	1	1		12		1	3	2	2	1	2	2		1		2		10									1	1		2			3	1								1																			
RU	26	7	52	17	6	27	8	2	3	15	10	97	16	1	2	8	4	5188	22	105	294	6	5	6	4	19	789	183	2	538	2	1	8	3		1		18	2		2	14	2	5		25	2		1	2		2		17		3	5		3		1		26	1		84	3	40		2	2			22			10											11			5		1																					
BR	107	121	184	29	699	21	779	5	3	201	22	18	59	10	20	4565	16		18	20	51	19	19	33	16	25	6	23	2	20	23	6	15	1		8	18	7	21	9	4				1	4	6	8		6	15	1	1		3	1	6	2		1	3	6		3	2		3		12		2	17	1		2			2	1	2			1	2	1		1		2																									
AT	105	68	2355	14	33	65	76	32	6	517	43	49	3080		35	11	27	5	52	159	47	11	9	16	18	25	4	64	2	14	8	8	13	4		2	6	11	3	2	6	17		1	3	9		2	2		1	2		1	1	1	3	1				1							1	2	3				1		1									1																												
BE	151	1870	187	20	41	30	63	15	5	126	18	18	47		401	23	3491	3	7	23	37	2	26	54	25	13	1	28	1	9	18	5	34	1		8	28	7	3	7	6	1	4	6	2		3	1		2	4	1	30	1	10	1	1	1		1	5	1			5		2	1					2			2				6			2			1			1	2																								
IE	6067	47	21	310	14	24	9	5	2	24	7	3	23	1	19	2	31	1	1	3	13	9	23	17	20	2		3		5	13		11			4		1	7	1	1		2		4	1		3	4	2	1	1			1	2			3		3			1						1		1	4												1																													
SU	19	20	102	4	17	19	7	5	24	22	21	129	21		13	2	5	3014	60	66	350	2	8	5	4	41	1019	123	124	467	9	4	25	1		1	2	7	2	1	2	35	4	1		16	2	2		12	2	3		29		6	11		1	2			106	1	3	25	1	25						38		1	37	2								1	1	2			9										1													
NZ	3287	125	106	1522	12	79	17	13	4	82	52	2	73		62	9	37		7	5	34	10	112	69	65	8	2	7	1	6	29		18			13	6	15	12	1	3			3	2	1	5	3	2	1	2					2		2	4	1	1								1	1					1				1								2																											
HU	28	15	112	3	6	9	19	8	1	46	7	16	77	1	1	6	5	1	4951	16	22		1	13	3	21	3	91		9	9	1	9				7	4			2	7			2	3				2		4	1	1			1				2							1			1				1												1																											
AR	119	80	84	26	3075	19	977	4	6	132	12	17	23	1	11	487	17	3	15	17	56	5	19	16	4	57	3	10	2	23	9	1	13	7		5	1	3	8	10	5				2	4	3	1	2	2	3	3			4	3			1	2	1	5					5	2	1	1		17					1																																					
KR	4		7	4	3	1				2			1	2		1	1				1	5342	1		2			4			1		1								1																	4	1																																																							
MX	49	48	20	8	3461	13	113	3	2	21	7	8	19	1	11	370	5	1	3	7	23	7	13	7	8	22		12		4	8	3	16				5	5	4		3		2				2			2	1	4			4	1				2		2			1				1			4			1												1																											
CS	8	5	138	1	4	8	2			14	3	17	98		6	1	4	12	38	2362	14		2	3		3	28	272	1	15	3		3	3			1		1			4				3																						1		1			1																																									
CR	19	11	53	3	6	6	2	1	2	16	1	46	84	2	5	1	3	7	16	2524	18	1	1	1	2	8	5	144		10	2	1	4	3			1	6	1		3	3	1			6		3		1					1	4															1												1	1																														
PT	19	153	7	3	166	1	46	1		7	1	6	5		2	2526	1		3	3	2	6	4		4	3		4		2	3		1			2	1	2	3	3							1	1	1						6														5			10																																										
RO	9	15	41		12	7	33		2	14		5	33		2	20	1	7	392	14	17	7	2	1	4	2048	3	20		141	3	1	2			1	1		2	1		1	7		1		1			2														1			1	2																																														
UY	26	39	30	6	1559	8	435	1	1	55	1	9	17		2	498	2		3	3	20	4	18	5	3	22		6		11	10		9			1	3	5	7	1	1	1		2	2		2				12	4								2	1			1	3				5			4																																										
EE	15	25	204	2	15	75	11	41	132	32	28	22	71		41	8	7	82	18	14	34	1	4	7	3	4	14	25	1730	22	8	3	14	1		3	3	1	1	3	2	2	1	2	1	4	3	4	2	4		1		21		8	1			2				2		2	1	3			1		1		1				1	1																																		
ZA	633	61	108	394	13	34	15	3		56	16	6	39		114	24	42		3	4	40	2	33	426	17	3		1	2	3	9	4	6				4	5	4	1	1	2	3	1	3		1	2	1	1	6	4	2	2			1		1	1		3			2	1	2			1								1	1					1			3		2								2																	
CL	45	34	46	14	1400	11	124	1	1	54		8	17		6	205	6		1	2	7	6	6	2	1	13		5		9	6		2			2	2	1	2	1		1	1			2		1		2	2	1							1	1				1			2		2			9	1						1										1																									
LU	44	578	311	4	15	25	54	5	8	466	26	9	95		71	32	167	2	8	5	36	5	9	11	10	7		4	1	6	1	1	6			1	3	1	2	7	5	3		2	1	2	1	1					3		1		1			1		2								1			1						2																																			
SI	8	4	24		4	8	13	5	2	16	7	19	39		9	7	2	6	9	80	18		1	4	3	6	6	111	2	19		5	7	1052			1	1	1	1		117		5	1	127		1		1	1	1		3	1											1	1	2		1						2										2							3																					
IN	92	18	3	23	11	4	5	2	5	5	5	2	9	1	4	64	3		4	1	15		34	22	24	6	3	5		8	19	3	20		956	14	3	6	4	2	1		101	94	2		1	10		6	4	4	1		3		7	2		2				6	1		3		21				1		2	2		2			4				2		1								1								2					1						
TR	8	2	3		2		4		1	2			1			1			3		3			1						1	4	1522	6				1	2		1			6	1			1			11		18			3		2				1			1	3	6	4				1			3		1	2																												1									
UA	2	2	4		4	5				1		25	2		1	1		245	66	3	27		1	1		3	828	15	1	54			3	1		2	1					3				1								1									3			2		3									4											1		1												1												
